26586
-15756
-19895
-23764
26821
16011
-21690
-27949
21035
-32004
-13801
14945
21523
-15510
28249
-5233
-13456
7946
17458
7733
1384
26134
1580
-22639
-24826
-30856
131
21580
6149
-8247
2713
-14089
19240
-1907
31297
12215
-25715
4711
-20189
13055
18778
27762
11256
-8201
5459
-20944
-32218
-23831
-29266
23504
-7750
17626
-7196
14007
-12708
8285
-15689
-30653
17030
-24923
-4760
29060
-27221
-16428
-30153
2061
15316
-31291
-18566
-23638
5265
-17082
6273
30883
10476
-14929
-18122
24855
-29394
-30282
11024
-25063
19660
-29822
-12873
-27383
30243
30323
15002
19489
22405
-28283
-29842
-2271
-20836
-19849
2967
512
-25657
11567
29299
-25002
-12745
18687
-947
-30315
16856
31351
26991
11418
9955
-12580
5390
6515
-927
13661
13655
-20844
-22761
18307
-22122
-8478
-29287
-9270
23904
29852
26581
-1640
-30873
16374
-14747
-12439
-11081
-12304
-20962
-19336
-16630
-31147
-31106
12844
24961
14466
23345
20638
-6582
8756
67
16111
-25642
26068
